5702
2868
964
3413
3828
229
3500
5903
5414
5458
3173
4368
4192
3930
6122
4370
753
6558
6269
3314
6922
385
6722
4107
3347
3867
3906
2775
4507
6037
1453
4257
1255
534
1338
6952
3889
3079
4478
1315
1888
5898
6881
810
6762
1500
5537
1565
4465
1868
3854
6730
3978
6482
5762
5548
5726
1325
6986
6771
6182
1419
160
5852
4793
5233
2731
5473
4534
5749
2366
6452
3586
5948
4992
566
3008
590
5324
3984
859
3755
1306
3103
2960
2538
5316
6161
4538
4842
4592
5906
4662
5858
184
3345
976
6988
2490
2667
2656
2152
1687
5075
2594
6633
1061
2712
5168
4718
5925
2013
6273
5882
1141
3799
1035
3921
1082
4516
4975
5389
6370
5347
6749
6681
2372
6266
2005
2749
2116
6330
1715
4014
2336
4069
860
6886
2320
4533
2540
2358
1341
967
1657
2713
3584
5683
5923
6232
4773
3307
6610
5588
486
1477
5644
4678
4020
3140
2598
5181
1235
2991
404
3876
2871
5097
4696
6217
3341
773
4557
158
906
6581
5087
4142
4059
6628
379
445
5743
3354
5960
6778
6240
3367
3824
3823
6716
3913
4115
874
4018
2908
880
1106
6279
2753
242
4618
1238
1684
3818
6944
1542
1903
5658
5349
5679
6741
4095
1599
3410
6352
4476
3773
6843
2665
454
3726
4643
438
3983
641
2457
2956
2073
3839
5970
5724
2427
5962
6878
231
3194
5596
1831
1448
4285
2000
1181
6594
171
2030
6404
6413
1186
999
2396
1959
4197
6919
1827
971
6535
4036
840
4939
2254
3843
5271
935
2410
6961
3294
1262
431
6739
6745
4776
6190
1748
3117
1540
256
3718
352
1030
97
1516
1429
3748
4479
4371
2390
994
5983
5840
1726
4559
4676
890
1727
1988
2326
875
6007
4679
1865
2893
3955
2347
4677
2174
4133
6127
796
6057
2973
2008
5275
6777
4293
6879
5967
2563
6524
1240
6965
478
5891
1129
2786
1733
5705
3386
6732
1996
1847
4295
4274
3215
6904
562
1342
873
1003
6065
6416
2673
5154
3146
907
412
5876
3047
4716
2977
4997
3887
916
6877
6503
1779
1553
4763
5249
1993
6621
6891
6828
6948
2090
2535
5845
14
5203
955
6459
6020
6475
655
6396
2586
6576
4977
6902
3796
2015
2061
6040
3462
4423
6015
1708
3380
6378
2344
276
4298
2493
6851
1790
6536
2349
55
6606
4909
6470
1586
4498
4555
6377
3595
2866
1840
5701
2296
3335
6271
5609
4441
6283
2528
6101
5924
1756
5723
267
2469
5379
6493
4236
3759
5825
1940
3368
5305
3670
5502
3798
1378
1858
1330
2967
6172
6312
3332
5612
4384
3771
1729
3871
1980
6367
2695
5736
3440
2944
918
2314
1922
851
6996
2245
5295
6808
4941
468
3299
2392
4606
1459
5482
683
5376
5905
5996
4432
5406
2764
4029
3351
182
2195
6707
3510
2231
1376
5538
3873
5281
2495
2233
1763
3482
4854
5264
1132
5976
3987
1994
4362
1850
2054
5291
5571
1662
1212
2306
6858
564
569
4172
2074
5026
2300
1793
3661
592
979
1766
3478
4588
895
321
4028
4719
3672
2303
2369
5201
3024
6750
3356
5606
2115
3522
3862
1895
6856
5514
6148
156
4363
4902
2898
762
4450
2132
741
731
6347
4473
3093
4830
580
3026
316
565
5862
6220
5013
6301
3914
1457
1203
1167
3993
1107
3323
718
3688
4410
3711
787
3623
6342
4634
4407
1363
6344
1777
2858
5032
6229
795
1436
4158
608
831
350
3196
1558
5163
4632
5256
857
274
5621
5014
3674
1472
462
201
6499
4520
2916
2999
1445
6846
896
4642
1440
781
4875
914
3458
5262
5330
2404
4404
5496
2338
381
3254
2007
1710
5963
6994
2502
3793
1771
2406
1177
5579
1927
1385
2470
2572
3576
375
3059
2302
6323
2160
3566
5298
261
6925
2442
3724
3443
5498
6935
5490
2706
3931
52
5322
1559
5274
124
846
1154
2942
6187
5795
3248
3952
74
3763
1853
5301
2807
5992
4078
2763
4190
333
4899
817
1752
5370
2512
2895
4488
819
1397
5755
6776
1807
5880
605
5731
2129
402
6116
5623
3019
2874
5747
5141
1256
1158
2906
958
6160
4732
934
1118
4122
6141
6121
4521
3104
752
5668
6901
5162
2951
1518
1545
5586
1839
4467
830
6081
553
4532
6409
3785
5752
188
4499
1801
3476
1216
5289
2299
735
1799
6500
1817
207
2111
3872
6567
5355
2948
1190
3678
2727
1705
1829
13
1701
1797
2847
2982
4947
204
715
4826
6268
2361
1918
6376
2329
6549
5533
5148
4585
3450
6438
1822
959
3891
5814
31
1792
5704
6936
4104
6545
5012
1571
358
4264
799
933
2657
6514
2143
4700
780
961
5691
985
4013
785
4896
770
538
2178
843
4250
15
1115
3832
2118
3911
3228
4639
4998
1454
3706
6375
2927
456
5467
1361
5288
313
6069
4342
43
6663
3736
2843
1794
1139
4458
1928
1905
6883
5047
3958
1233
6529
2365
991
6042
1056
1258
2167
2800
436
2140
1923
5516
2720
2055
6132
756
6726
37
5177
6392
6638
4680
1223
6945
5855
4353
4329
4850
3949
1046
4517
5648
1854
3457
4553
2467
2732
2881
2011
2480
531
3221
3908
2616
4310
5108
4836
2687
747
479
4119
2171
675
927
3468
444
6807
5152
1973
729
5922
736
690
2760
4234
1557
4796
4608
5561
1835
1047
1319
5919
3058
634
3011
3046
451
6645
5649
2036
782
2266
2016
1532
5208
5425
5934
549
6624
6526
1679
5101
4446
2797
4189
3877
85
4290
2268
6659
3216
324
5881
5522
235
2413
5682
6560
1102
1351
2558
2042
2785
5299
4917
3065
601
6077
5721
4878
3636
5172
3834
5365
2710
1515
5099
1745
2831
5506
3860
6158
45
5157
3702
2911
539
2177
4159
6550
2759
2994
535
4635
1588
5003
643
4391
5183
6696
2660
5656
2044
2751
6770
4739
99
2564
6962
5616
2875
5184
5238
5428
5884
2633
5598
3859
6840
6687
1567
3339
4373
157
4046
2964
4738
6241
6226
452
6274
5737
6650
3487
238
2758
4881
2127
4395
4950
3256
3460
901
730
5387
543
6348
1934
750
6987
387
3698
2980
1552
5049
5023
2601
6481
2884
1632
6167
5175
892
2151
4996
409
1152
5332
6943
1336
6227
5714
6103
340
6093
1451
5854
2506
4912
2208
755
6818
2278
495
2086
4805
1149
4286
2795
5214
2905
1308
4106
3094
508
2203
1136
2218
2702
5372
1411
5585
6495
6792
6388
3135
6823
3524
25
2968
4436
4914
6382
6993
1579
36
4412
6179
872
5931
496
717
2789
125
6876
5794
1461
2691
1323
1110
3396
1151
5093
6733
5520
811
1143
3235
4780
2743
829
5628
5900
3179
4653
4040
6115
5636
11
809
2867
2021
5557
1734
1058
4986
3542
2103
3515
217
4710
5280
477
5303
4935
3322
558
3654
6551
3781
228
5964
4540
3048
1783
1421
995
6156
5144
4596
248
2845
3628
4798
1916
3810
6195
2984
5842
390
2345
6214
4380
6297
1100
1140
3205
4359
1293
6813
853
6446
466
3364
5481
5985
6758
2454
6766
1344
4753
5629
5844
5781
5009
5674
6031
2676
3052
1958
4625
6261
560
3742
6979
6264
1493
2962
3814
4913
2549
5354
2650
2848
4094
5645
1607
2032
5877
3313
812
1337
993
3590
3789
1259
2066
2180
6694
5318
221
6243
5978
4614
5083
2829
2593
6390
6035
4685
2018
6791
3619
2525
1103
3296
1398
2166
882
3310
966
3278
3680
6898
6991
1171
3007
2835
3664
6949
3113
2352
6267
6083
4829
5780
6629
4400
5720
5245
6473
571
5384
1844
2723
6341
3086
5170
6703
1513
3438
3649
526
1392
5885
1737
3501
5909
1349
2263
1699
3689
5442
4356
4378
244
4207
3610
2697
6104
1806
4527
3199
5477
5815
1121
1614
924
3003
4454
1467
30
4987
4237
2232
1749
2880
4008
2504
887
2491
2963
6013
3990
2646
5369
1184
2686
5813
3217
2006
6754
305
4143
6406
2613
6309
1028
2449
1112
1738
2183
1942
1476
3527
2661
2330
4398
2547
4754
4343
459
1694
250
2611
6360
6
5756
4734
286
1346
3697
1295
6573
4587
1639
748
898
5676
2696
372
2783
72
4340
1214
5984
5119
5434
5352
686
2128
5231
783
4704
4545
4110
380
3681
1170
5213
3731
3750
881
6570
2888
2487
2716
3218
3817
525
2550
3241
990
2818
398
1595
6124
4271
6096
693
3772
4562
5677
3454
5232
4537
3130
5635
2721
89
4206
4081
6953
1979
6358
2510
3231
4647
6746
2322
1508
4493
1275
3740
2225
4307
6954
542
470
373
46
2856
2456
6920
6494
5260
3461
5450
6937
1206
155
6244
6604
6866
5011
433
3506
3647
6230
5611
5072
4824
1897
1563
3036
814
5857
132
268
5549
6586
3015
2745
5700
4558
91
3128
4149
2919
353
2459
6359
6087
3092
740
6316
5385
223
2067
2417
4374
5966
4707
1805
109
4500
528
4539
5646
392
3020
285
1954
1644
5734
362
4306
3350
6938
5494
3812
3045
706
6290
2645
6385
2892
5746
4035
3084
1691
4360
957
1828
3795
4135
4272
4508
467
1044
3327
2120
1160
573
2546
6444
4966
273
5613
2482
5697
269
6005
6208
3815
607
5980
1443
6202
3057
3428
4752
4168
6516
6693
3087
1201
4833
6430
3285
1967
6525
6133
4205
3119
2235
6059
2242
6304
4640
2197
2058
417
6563
5258
3532
738
3062
943
4123
2370
6700
4528
3022
3018
6672
4684
921
1731
3000
6747
4399
6086
1597
2811
5603
5419
939
561
1728
4031
113
3108
5893
1678
3523
3236
603
3838
3083
6198
1833
2131
6917
5456
4248
1593
4129
2332
6709
6595
6859
2625
6552
4990
4328
2001
5089
3232
3671
1791
6354
1787
2566
6738
4358
4266
6319
915
1643
2200
3414
5480
259
2064
4228
2079
2305
4252
1582
2037
6513
5800
4593
1985
5086
1014
5018
3778
1620
4885
1298
4591
6666
1220
4876
6162
1168
3668
6727
1164
4961
6460
585
527
4809
1215
4162
6607
6690
5822
1760
909
721
2014
4480
500
2149
4960
3053
6066
3666
1135
6631
6686
1650
1534
1193
544
4247
5758
4751
5364
114
5455
5038
912
5445
3001
2935
2075
6942
1891
3186
2945
2117
5580
6106
2698
3733
4943
5296
260
5706
1663
3606
211
4659
1357
6523
5961
2134
1291
2557
6974
252
4874
419
3730
3426
2647
2814
2228
279
5564
1901
502
3012
5729
4431
3498
1498
5770
5541
5602
4118
4940
4891
5073
3223
5424
1356
2002
2744
757
3145
2483
4278
2961
5359
1169
3961
4749
292
3845
2532
1276
2239
4770
2108
2451
172
2057
6537
1761
3575
2279
258
3703
4851
2471
4366
5521
2297
5928
4578
2876
1474
98
778
689
779
6501
3397
2246
5277
1900
3385
2926
1890
121
1267
674
5836
1692
2542
2966
6128
1537
2833
2518
1134
255
6850
2923
453
988
3239
4375
5920
4930
802
1301
2672
3252
2136
5335
2157
879
6256
4863
4817
6305
4846
828
3372
6884
6168
2162
3901
1899
1998
4313
6767
289
4584
5136
3695
3977
1283
4184
1280
5847
315
6165
5054
3841
3707
6221
2784
3168
3659
2318
3038
3999
3788
464
6171
997
423
3437
6075
6887
3925
5460
1757
4916
786
6742
6788
2941
3245
5451
3704
4721
1113
827
4006
975
3229
5892
3770
3122
3402
6556
5121
4225
5687
3585
815
3165
6793
5438
5103
6112
6636
5543
1117
6286
1992
4505
4413
3614
3251
6289
6324
5741
6440
1313
6971
1962
4024
3890
1660
5790
6940
6026
4775
5686
1507
6977
940
4530
6831
1941
266
6389
6724
428
4761
5958
6786
40
4731
5426
4462
1008
1768
6825
4217
5971
6474
4983
3540
6744
2155
3439
3926
5987
937
719
6169
2381
1179
3837
2135
5189
1439
5325
677
3764
1404
2478
3272
834
5411
6995
2101
4303
952
2719
6380
5515
2626
5392
6713
3588
5040
2714
6131
3178
5694
3489
143
6789
6366
3445
688
4422
1128
3126
1414
1930
2312
5401
3269
3601
6518
2452
5227
611
1556
4807
5166
5217
383
5046
672
4522
612
4713
2548
6894
1405
4583
1936
6024
6761
2109
1947
2304
6445
1526
1877
1079
2608
422
6992
4936
1252
6972
533
2859
4933
1023
3758
2543
2290
6457
5343
4861
2199
4335
343
1802
4453
3253
6914
2503
1444
6718
4619
326
3998
4001
4767
980
410
5917
3233
6484
4932
5421
3638
5894
1885
5810
1682
2275
3869
189
5655
1464
6356
2088
6263
4339
5875
3514
3830
150
6238
2850
1982
1696
6308
889
6431
5058
1219
4911
5620
2629
32
6947
2877
5270
3957
3598
1492
4575
669
336
4199
6924
4938
5030
3484
1352
1509
4079
1624
3970
3362
6422
1040
3643
4574
2023
483
5650
1514
595
3683
3641
4981
1944
1776
6562
6072
4904
3387
5326
4750
6751
5340
1002
3779
5037
1721
3381
4130
4383
284
6910
6665
6097
3965
2357
3382
2431
1685
4883
2193
1163
6822
3317
2776
177
3142
5247
2138
2861
3159
4082
1478
5824
2865
6664
2458
2091
3665
308
3378
771
983
1133
100
947
6149
6204
335
2573
2662
3035
1217
249
2083
6004
5823
5070
1066
3829
5079
1393
3329
6809
195
4651
3800
6900
4341
4321
3991
2993
6836
4969
3896
2816
1268
3699
5718
5466
105
295
3657
2812
746
4097
4873
3238
1471
3874
3472
6976
5039
376
4319
6609
2041
3939
161
6941
6153
3177
2735
2081
2830
5665
6714
5479
6677
6737
2009
6912
2781
4007
849
6401
5478
5930
3878
1340
6453
2291
1068
6016
2891
1086
1548
6819
1155
2855
2972
5149
3141
1428
1322
2202
1013
5947
3937
1062
5715
247
202
648
1769
23
3116
3066
4544
6826
5576
3865
2407
5034
5943
4787
5816
1983
4848
1485
4258
3626
5868
3266
3451
4724
552
4536
768
323
537
6329
3964
3111
4221
395
2194
841
4681
4518
713
488
4239
1951
2827
4034
2505
998
5435
6528
3907
2147
337
1012
1878
3802
1676
2933
3656
4347
3234
5
6759
3616
6449
4691
1680
3760
1087
6222
2832
4269
4929
6056
4103
2380
4814
1821
6193
2746
6177
1085
6600
3365
2053
2196
66
5219
2799
6572
6824
3263
626
4612
6507
3690
4852
711
600
3100
4497
3801
3031
1594
1081
4456
6658
3985
6841
2461
1866
5427
4792
4546
844
506
6899
3882
3727
5454
4864
3687
5867
1384
5895
5100
2921
3898
3257
5865
3301
4166
6223
3557
96
4976
1786
4255
5408
475
2762
1623
1311
6048
4003
4268
4890
6166
4698
2989
4202
1859
2257
1379
4633
1956
2045
6350
6294
3085
135
499
4099
5487
5010
446
2399
411
4414
2851
2742
4062
6817
516
2864
2529
3109
6334
1197
4235
620
5186
4004
2514
2294
1505
1570
4692
1054
6349
3888
6346
1407
3928
5519
4745
1581
5685
3434
4979
1562
4561
4427
3915
6257
2046
5582
4786
5035
2854
1818
1294
4016
1744
5639
3513
1610
39
2663
4171
147
989
5673
3897
3320
4999
3783
226
2771
3723
1543
3420
3729
6967
2722
6832
3195
788
1431
4600
4615
3190
2634
3041
1157
4813
5069
6287
2267
1105
6458
760
2223
4524
2488
1898
3343
3161
2750
5773
705
1896
5626
5572
4224
209
6520
7000
3306
6468
4657
2639
1463
1227
5710
5191
6138
5261
4288
5792
804
5024
1250
196
4514
1634
5643
3936
5282
5902
4637
3076
5975
4582
2844
3197
3852
593
3377
6867
3360
4324
1555
3010
1234
3717
2319
5176
2364
3946
4150
6584
6393
106
4949
4482
1178
1716
4249
2146
2912
6483
6975
1704
2882
4995
4063
6043
6601
2092
6760
1751
1788
978
5329
2930
3904
3924
345
3579
5155
5742
6997
5361
6679
1468
1281
2955
5565
589
1065
3466
6721
4181
6265
2424
3938
5484
3881
6062
1354
6251
2447
5286
4327
3421
621
4790
6508
5503
1887
6196
1617
5820
5453
144
6476
1127
2217
1758
2794
3553
1554
1713
5750
5225
1732
974
3405
1104
6805
4389
6652
6469
1059
4496
5826
1946
2570
4689
4314
1400
1873
5446
1602
1490
5997
3940
5215
3182
5025
5890
6669
4627
5578
653
1796
278
6916
271
2272
6757
1347
1645
5789
3419
3078
4697
5804
69
6215
193
5113
426
2909
2623
80
4551
987
2133
4211
6467
6873
1848
1326
6892
427
3587
5356
1755
2918
1826
5689
4923
3061
710
4091
1604
1718
5681
389
5534
6706
304
6275
6183
2863
922
2934
3618
1747
3879
1360
1600
2039
6532
4924
2051
2709
5241
4742
166
3849
1388
2251
2825
219
6046
1668
2206
53
4726
6575
2587
2093
5269
3491
4897
775
2076
6543
47
5068
5950
3864
1022
1324
1497
5315
2846
529
4526
2883
4620
5772
1647
6372
5462
2915
5115
6181
6313
5134
5559
4210
632
1975
1025
2937
6426
5197
6541
3747
3030
5574
685
474
4816
2065
1251
5784
237
5942
3464
871
6398
3180
6337
1725
6044
6644
1535
6755
2527
3227
1871
6211
6102
485
709
2952
5914
19
6451
2765
3407
3529
4654
3023
2551
3156
1265
2214
4572
6108
2628
347
5916
4970
739
4779
3560
948
1391
1302
6662
3954
845
5843
6627
6998
4309
1420
1101
303
3933
3903
5200
3652
4682
596
4649
3071
3353
1845
3563
3504
4844
5145
5028
3831
4087
2809
3735
5518
1380
1437
5872
2541
148
3483
2627
2931
743
1182
5798
5719
1879
4706
6553
5193
4762
2981
3692
2026
5033
968
1123
3784
5733
6540
5619
6934
1231
6159
5511
2509
6410
6795
2004
767
2996
2438
5670
913
3519
5634
57
5402
3226
5457
5692
6365
854
6875
2739
6903
4186
5573
5338
1549
3905
6479
4613
6073
5663
5001
82
4686
3673
599
4023
6969
168
1491
5707
6011
4893
671
5849
4884
1423
2190
1863
6590
1522
4393
4566
2568
5371
6810
2748
3064
6911
3459
330
969
6331
2298
6137
1317
4140
2112
5255
4101
2838
4315
3074
1425
2604
3042
2446
2689
5111
2600
4163
4598
5512
1432
4128
175
4652
5807
578
6012
3716
2106
2584
1055
2976
4111
1018
4740
3095
2360
5147
2040
518
3137
3893
4316
122
1285
3308
397
408
1631
5769
2769
1000
1882
2416
4841
3819
6150
6505
2418
2181
2437
723
1077
3328
2419
291
2098
26
6170
71
4320
6861
3794
3150
4733
576
1116
1052
4233
4972
4262
1266
104
3947
3441
6019
547
2654
3709
1637
984
4330
4011
5624
1860
2754
186
1499
4397
5957
3948
1350
1286
2212
6897
4641
5566
5771
824
1095
6833
1574
6806
4858
6561
3790
944
5657
6447
1851
3479
1909
1287
314
4804
6130
776
4169
1719
5198
5530
1722
6300
4789
5368
1681
4631
2680
1506
5711
60
1881
6731
5959
956
6412
384
3570
4051
1618
6001
619
3016
2373
4552
4668
5678
5351
5703
800
58
3260
434
5117
2515
311
1343
5604
1424
263
5748
2603
582
3401
6247
469
5728
2610
1148
4621
1703
1825
4599
5817
3696
4012
4355
70
4387
287
644
5896
1772
6682
1382
4828
628
4455
4509
6381
5562
1912
4888
2068
3176
2489
4060
4160
855
3424
3198
2569
2792
2988
2887
4978
3667
3262
3809
2705
5056
3662
1939
3744
2301
4281
766
4124
5873
4898
567
1575
4768
5803
6064
3436
1024
2436
6371
5539
3791
1577
327
1172
1837
3361
220
6651
519
1060
2325
1611
6799
2914
5801
6236
5969
893
1187
471
1910
3027
3551
3712
6544
1627
6756
1180
4470
3675
4126
3446
5935
29
3833
3304
179
3120
4523
5981
3521
118
2432
4571
4216
2801
5257
1027
1585
3225
401
5999
2222
5793
1773
6260
3315
5560
931
1488
1327
3110
234
4563
1395
2125
3188
2205
6909
3909
227
4041
6619
6327
5944
6395
742
4901
867
1108
6923
465
1867
27
4951
4352
4910
1447
5695
6492
329
2227
342
3746
3599
4645
4531
6486
4326
64
6748
2922
702
5463
2354
1609
5066
651
5313
5394
1521
3125
3549
1546
2415
88
3743
472
1690
5230
2078
374
2017
6926
1561
4144
1367
3189
192
6379
2441
6246
2971
3536
2383
6502
2414
5395
3749
4541
421
1489
1753
3640
4869
5866
663
5995
322
1406
1289
6931
490
5333
6335
5554
2150
1017
4985
2124
4720
3967
774
145
1064
4043
6302
6180
3321
5546
1924
3455
6425
6049
1150
4229
1161
5832
883
2186
1034
2959
4519
4074
3902
3134
3273
4727
3637
6386
6509
133
4722
5856
6317
1511
722
3288
6966
49
4845
2130
5489
6533
6692
5423
2464
6517
163
769
1621
2770
332
5918
6519
5486
4325
4475
3942
3139
6635
2943
3916
3989
5839
5084
6248
6441
2339
6547
3900
3465
5008
4100
6999
5174
1686
4098
3295
936
3316
6697
6950
5869
2692
3370
1914
5064
3412
2182
4364
4956
4283
6325
866
5142
4730
6270
3613
6566
4381
2969
568
418
6061
6654
1130
2385
6303
3842
6642
1589
1551
5738
6774
3684
2606
1800
6863
4240
1902
3069
4525
583
4477
2173
3358
865
6234
3757
5106
1619
4714
5630
1675
1159
4134
6865
2244
5133
1015
5253
212
3694
2497
3136
4802
3886
678
1652
1374
3578
6929
2209
2596
3371
1674
647
178
2219
3121
4209
5251
2725
1088
2388
3497
3853
2511
6605
4152
4203
5696
5796
6853
5323
5235
1884
4440
2741
5760
2501
1976
6414
6708
413
4015
2655
489
224
4840
2738
6339
5986
2517
2038
3098
2636
3340
2405
2248
6660
1296
1071
6466
6397
4624
1048
364
4965
950
850
3950
4139
5828
5138
5341
4735
4889
5785
3533
1855
4442
559
838
2688
6463
5409
3160
727
5433
3255
1244
4937
5104
2507
6847
3395
4369
5937
6611
5088
1210
3857
1211
1907
517
2870
546
5779
2711
2928
5652
2453
3535
28
3415
5393
1920
2643
3541
1039
6157
1137
2708
4182
3782
1889
93
4871
4594
3960
6272
4027
4581
6608
5690
6295
4576
556
5353
3927
3488
1175
4077
6699
6990
3996
3157
5982
3581
2804
1615
5448
4648
3357
3655
1165
4112
4116
3324
1739
3608
6617
6006
5740
425
3403
2213
2585
3653
6705
5766
2439
2521
3469
3850
1076
3629
3571
3171
4452
1473
4988
5378
4405
4797
4039
3090
5778
5699
4117
5527
618
365
476
3005
310
41
5185
5160
2530
3305
4694
5887
2466
1269
359
3780
5265
6591
5754
210
3603
6951
1237
1303
6821
3481
2987
3644
5499
4161
1299
6882
1709
6855
5660
1093
3605
3894
1712
2664
4301
6307
861
2384
5180
1321
2635
3017
5143
3070
2985
34
4503
6743
5339
925
5783
2681
6889
4367
245
1277
2
20
4573
1667
1538
863
3393
6845
1300
5727
5577
2353
5452
68
1482
1198
1403
4568
300
1876
4105
3193
5812
6357
1009
4736
116
5601
1125
5474
6176
1126
1673
4265
6695
6956
6471
4238
3624
5953
2823
4287
4622
2220
6186
1997
5209
965
1196
4231
4421
1288
5802
6277
2258
662
371
697
2321
6189
3224
5128
4547
6907
732
801
2334
3808
1572
5306
2790
3409
2082
2187
1011
1153
5220
4617
6163
368
1249
6815
2421
2034
4318
3379
3089
2978
183
4005
5229
6675
4047
1353
4502
3175
3962
3615
6411
6231
1200
1257
151
2995
4748
2102
6488
5594
3600
2465
3816
591
2397
864
4756
4125
5475
2924
826
4920
5509
3429
2273
6343
6029
6407
5081
5308
382
2571
1031
3282
5590
3917
2158
4944
5074
1278
1943
1274
505
2059
2148
5109
6333
4926
6185
1069
4086
4438
894
4746
5150
2463
5531
275
1664
1576
5444
4843
1381
1370
2253
2581
5312
3192
4945
5459
6299
4980
2243
5050
3574
2443
1953
2498
3447
3806
288
5664
6326
4795
4837
6345
3056
6213
4277
3722
5972
627
3155
2094
2095
4050
5853
83
3474
821
2363
2107
437
5829
1648
4630
4132
2640
3607
5468
5709
5933
4322
1641
6178
4765
3507
6480
6205
5391
63
4218
4030
2494
5279
4942
4076
1194
491
3992
4636
3825
4194
4564
65
5782
6794
1512
141
2387
2499
3291
3550
6424
4406
3761
4811
2247
609
200
587
5846
4254
6618
1309
1640
6765
6306
3836
5137
2638
5114
4064
6296
5838
2477
4725
4273
5366
3214
6111
1824
878
6400
5091
6224
6701
3844
862
4934
236
2940
2255
399
159
6034
2337
1670
6036
4379
6497
5373
5360
2264
6970
3112
3334
2240
667
2803
4204
6579
6784
1494
5123
2747
4872
5568
1273
4820
5328
3720
1964
942
5483
73
1815
3075
4822
6787
6546
920
5879
5951
3276
2287
5380
103
5017
5671
668
424
953
2434
2701
5904
369
2970
687
2755
2252
2324
152
4511
3230
2256
2277
4772
6455
5334
3919
3620
3375
5082
6045
6781
6250
681
2737
2813
6147
1774
3855
1523
5638
5505
6071
3682
2113
6383
5989
5507
631
1842
6835
3495
455
1260
3344
902
4070
4741
1348
6496
4882
5763
4962
1339
4887
5171
848
2374
5940
492
4788
4223
1693
3106
2590
5158
4084
4757
5216
4280
5080
6989
6680
4433
1355
3131
4955
1808
2817
3835
3847
3811
6099
695
2545
707
5797
1533
6930
1417
3486
3088
2939
3422
1659
2953
1460
6008
3336
3389
639
4784
6454
3133
2311
5936
4510
3452
5292
1314
3309
4964
123
3583
1717
6890
370
1970
3247
4337
3700
5526
2077
1740
3342
2519
1630
666
745
3398
6838
3538
3556
1527
463
3432
6437
523
4774
540
4838
4232
5095
5651
5973
3470
3129
3105
3240
3051
1723
2946
899
6478
1156
2734
2787
3170
191
3621
1020
3945
167
3956
2796
577
2641
6780
2356
6623
1204
1465
6515
6933
1883
3203
3025
6785
4905
4683
5513
5551
5550
2834
5667
1409
5524
4317
4017
2619
6896
1228
6957
4487
1931
1383
3298
4136
1218
2615
406
6362
4312
2317
642
1697
2539
5044
2842
3174
1810
2224
3107
4831
4529
6592
2929
5744
1364
5764
6462
2462
1318
162
550
3528
877
1707
6154
4120
2605
5173
3014
2192
4170
4385
4550
3404
174
6927
12
3975
6983
4388
3988
2355
700
2408
2367
946
2777
1932
2536
6155
3207
430
493
3775
1176
3650
1483
5886
5476
312
2234
5357
4880
3592
6702
858
1316
3077
3705
900
1649
6647
6578
2632
2100
4702
1987
3348
5188
497
5878
3634
5273
6678
6908
1937
6710
366
4759
2170
5908
2400
6577
888
3270
1386
3944
5202
6985
4424
4489
3449
6868
5029
1977
2229
346
6571
6258
4253
3153
6981
6282
3739
728
5194
6144
5283
112
6391
1949
4357
2328
818
5806
6293
6030
2534
214
1539
3663
4693
1683
4859
1862
4019
6653
197
1616
3995
5041
272
3060
4419
1852
6200
941
5593
338
1864
5165
6973
450
1073
1635
1418
5775
5584
1208
4485
5061
3734
4088
3349
317
5632
3979
904
694
6960
6583
1041
2998
6849
440
5105
4468
2327
1057
4672
3959
165
1366
825
3355
2938
5712
3435
1813
4729
3530
4289
5589
5610
1875
101
6968
3803
4146
1229
4058
5615
1742
6860
270
4042
3002
3752
3115
2274
5871
5224
1872
4895
4428
3206
3191
604
1591
1222
6427
3713
1109
5302
522
5493
3292
241
6646
3394
4344
3593
233
5722
6197
5510
1950
3805
5901
1442
4025
1019
2398
4177
4092
5929
676
1503
6735
3963
2752
4812
5182
5244
3969
2849
6023
4928
1665
3502
4183
1968
6143
2730
1248
403
4490
1050
2156
298
5492
1016
6769
2110
4801
1122
629
1816
3383
498
6433
5684
6047
3786
1452
355
5787
3669
1629
4982
5472
320
5320
50
4109
1529
2071
102
3728
3433
2020
698
4954
4396
2761
2567
2826
6151
3280
6885
7
2618
441
3552
6145
6527
1307
884
4870
1598
2179
3311
1995
3951
1528
2139
3976
6959
1282
6585
6490
2210
5544
5169
1781
5911
6498
6203
699
4157
5429
117
5640
4208
6685
1750
2027
2837
5310
1387
5440
4270
1279
3582
4401
6055
3013
2035
602
2902
2313
1961
5250
3290
2899
5994
1162
2974
2019
4220
1638
2778
3123
4656
3049
6074
3390
2145
2699
1359
1146
805
6119
716
6768
281
1426
4832
5974
4747
1743
1911
6798
986
3537
2779
1005
3185
2903
5591
1310
2207
1243
4292
6060
2153
3167
67
2025
3934
4701
6464
6852
2621
1823
793
4994
1915
5210
1520
4242
4927
5965
3714
2560
225
1780
2821
5536
3691
5350
2052
3765
2808
129
6340
5662
407
4175
6869
6051
6315
307
414
3745
2476
6237
615
1192
4418
1633
520
954
2371
4426
5859
1736
4435
3374
5774
2869
4644
3883
5266
4090
356
3400
4827
3097
5672
3467
1263
1394
665
367
2602
5837
6612
4610
1963
3651
2649
1784
293
2260
6802
5834
3787
3943
5946
4390
1075
5246
1955
309
5036
1952
3677
4650
1438
3554
5910
6657
6245
3929
1504
5052
3275
6837
2642
5661
3330
3267
348
928
2651
3073
5000
442
5031
1925
4361
2684
4906
5659
4946
6010
5254
1767
2401
290
3973
4543
1466
1613
6173
1080
9
6332
2484
4212
4403
6839
636
5404
839
2425
3067
5725
1830
5067
1270
4148
3028
2191
2420
679
2805
2674
2069
673
1642
6827
6068
5693
110
2216
654
4461
142
3124
789
4057
3373
5441
3851
515
5107
3602
5240
349
3283
6417
4542
2104
386
4791
6262
4669
4703
4495
3635
3183
1078
6435
794
4434
4512
6589
243
5304
4580
448
5617
487
5889
6206
3774
1651
4501
6450
1328
2295
108
5765
945
5161
1568
1981
432
3144
5575
4968
6091
6364
4447
1677
94
5465
4443
1524
5647
33
4336
635
2913
1544
6421
4147
5382
5346
5941
146
173
5348
897
1241
3776
6946
5583
6351
509
4486
784
876
1304
449
4867
2768
5422
5637
4892
4244
3826
95
2172
1111
4061
6079
3162
3490
764
4386
3411
4408
5398
6123
1245
5363
3512
5447
4655
3043
6538
2393
4259
2561
5870
5336
2012
2682
1966
253
5809
6092
2575
6834
1006
2154
5221
3555
5222
2607
4728
3710
6063
3569
1714
1358
296
1004
6522
6014
2690
3081
5745
5362
6712
1090
1390
1232
3496
1606
1628
1894
1578
5851
1603
1092
3520
232
6129
3632
6895
5883
908
4611
3425
2802
4783
6017
1083
3200
264
5242
3427
6338
2316
5443
199
1331
5955
963
4033
507
3211
4744
5627
4705
5268
5850
2904
4821
996
1803
1904
4993
5043
5110
5407
2886
5654
6811
10
4448
306
5243
792
3143
1481
6032
1809
1560
5988
638
1029
484
6207
2533
4810
6649
3612
3685
3208
2221
4560
457
2873
4193
3912
6506
3471
5164
6368
726
3312
5195
4819
4948
6212
2694
6564
3861
1345
501
1838
4333
2767
1658
6278
5358
4471
5504
4491
6830
126
6233
6790
6554
2715
77
2901
4049
3807
6120
3777
1063
5558
4000
4764
4629
4138
5641
3932
481
3968
4185
5535
3158
5297
5907
5642
3264
2637
973
1455
2736
4420
5226
1026
3658
5833
5618
4984
1711
3822
1205
3209
5381
2403
1536
3923
473
6126
6109
2308
5236
2565
6921
4245
903
5327
1765
5979
1096
2828
4075
1166
5120
1608
138
1480
6557
5430
1775
2544
3082
6668
6870
4430
4323
5990
2815
24
6095
6216
2622
1945
521
5005
6134
3259
2839
4072
5776
2341
4504
6225
6135
6136
6472
1541
4782
222
2283
885
2271
682
6021
652
59
2126
6039
5140
2766
962
6405
3768
1074
3715
514
6637
1084
81
772
130
78
5431
5437
1292
4037
1986
4794
790
4646
4021
5808
5500
1458
6461
2677
1636
6142
6321
2703
2072
3679
5234
5688
6801
5390
5122
4155
5848
251
134
1469
5331
664
4113
6782
5899
4156
1312
5759
1857
1412
3039
4180
670
6105
3899
2468
5523
3880
6089
4974
4215
4351
344
6310
4989
1202
6643
545
153
6648
2936
6656
8
4332
3594
4311
6704
4165
2428
1580
3609
5805
6625
5337
6857
18
1496
5485
2063
6018
2281
4556
5491
3423
1789
4666
3473
3885
5094
581
3531
5698
724
1189
44
5153
4590
4860
1625
5716
852
2085
5607
6641
2670
2455
5218
6218
137
1207
170
1284
4032
3980
2261
2028
5415
1183
3797
2724
2340
1333
4959
5078
3096
2932
6078
3034
6419
4474
929
3222
35
1226
5547
5317
2599
5272
6239
532
2669
3646
4457
3738
624
822
1819
2412
905
1601
6408
3274
6281
1502
4919
2087
5633
5751
1089
4261
4038
3352
5276
1626
5777
1049
294
4188
1402
2060
3827
2857
4818
2520
5417
2659
5020
4349
3220
530
3918
2485
6355
6725
2141
5555
2188
3543
3072
4282
4907
6565
656
1999
2323
5294
6871
3856
3858
2780
5309
4164
246
5821
2523
3091
4900
5112
1811
2782
181
6280
360
3625
3539
3866
1622
4484
3725
633
2522
2310
4048
3863
1242
992
5811
5993
4256
5608
4823
2423
3281
2965
4222
3359
4297
154
696
6465
5237
3243
6428
3475
6630
4602
2947
4862
6597
1671
1795
919
6804
6816
4586
5187
5375
1841
923
2010
2474
4894
3169
4472
5666
5071
2099
6779
3054
836
6353
5761
6477
1886
4174
3147
3766
5926
2910
6436
4952
1583
613
377
6110
623
4022
92
4554
4437
6582
4601
3040
1221
4660
107
2836
2276
5488
3631
6094
6456
5287
6978
1247
2492
3565
2588
3009
1368
2992
482
649
2531
2121
3080
2920
2270
1456
2644
3525
1415
6720
960
1990
5461
2860
5399
76
1785
982
3920
554
6402
1547
6000
1700
5949
4276
5471
3152
1919
1021
4877
1957
6058
4915
3544
5552
2583
2516
5386
4449
4604
4093
2975
6593
808
701
3547
4958
5077
6082
3021
6242
1689
5367
3287
6050
6752
6285
3792
6311
4178
4769
712
6729
2609
5344
2820
1501
3972
1246
2853
6152
4279
1446
6674
5293
1569
51
6219
5321
5007
1195
2653
3279
1948
870
111
2772
3485
4673
3622
5022
4299
3416
2226
2435
777
5267
4096
6314
2819
1098
842
2806
6740
1188
3363
6052
1
1434
1519
2050
5529
658
4760
4260
5156
5622
640
2793
2189
4179
5307
4918
614
2526
5410
3567
1782
4957
5042
6113
4963
1173
1271
911
3617
416
2184
2089
187
4886
4429
1646
6588
3289
6298
1605
4219
6864
551
5799
48
744
5051
3138
5388
3399
5570
3418
5057
6336
2496
2070
4800
4921
6194
1450
1441
3562
4439
4971
5223
2508
42
4690
6531
6955
6255
4045
6487
3910
2342
1051
5542
725
4445
2788
6384
4687
1199
6772
2990
2617
5532
2896
6906
2675
6199
5090
1778
1413
3154
2577
2524
2582
4695
5567
447
2379
2872
4868
357
3741
3246
594
6249
3597
1661
2307
6964
6254
3204
1669
4173
6085
949
2097
3971
3840
630
4263
869
3633
4839
4145
798
3249
1938
3627
5508
524
4675
1371
6580
1365
4481
5569
5449
6673
4665
6373
62
6434
1236
3517
4241
1978
557
2450
5915
6318
5146
4068
1399
1832
4815
4903
4758
2729
5016
606
4569
2950
3430
3261
4671
4137
5768
2288
5048
5788
5939
5556
16
2810
5045
6918
6259
1377
5192
820
1929
510
6596
4603
56
391
5096
6800
400
5059
3277
4284
3284
2472
4535
3384
2346
2293
461
265
1720
5563
3164
164
6038
3494
4785
2368
6958
6489
6932
6980
5418
5545
2333
6587
6090
3568
3922
2249
2500
4377
3966
4409
5314
2671
6188
4778
2728
4661
4849
5587
5464
910
5055
3101
2774
1094
5002
2852
5278
4346
6676
3408
5495
4053
2377
282
5739
4131
1654
3546
1144
280
2726
1495
4302
3187
1849
2612
1261
2693
2652
1906
1834
2840
6443
6491
75
5252
1401
536
6284
4464
657
1070
3300
2048
2578
351
4451
579
87
6114
2513
2029
833
6164
1804
2411
5135
1033
4348
2161
4010
2230
4052
5345
5835
3244
3127
5342
2592
5708
6939
6140
5377
1475
4565
5284
1510
6328
4847
2553
4176
2658
4275
1874
6717
2579
1921
4607
1142
140
5525
4709
3589
4628
575
1770
5831
4334
6829
598
3366
868
1525
3444
4444
6175
2169
319
2215
5553
1917
6125
5897
6753
3821
6118
4296
1032
1584
5420
1297
4151
2122
2717
1971
1239
1147
2335
2201
4267
4416
1097
2238
4781
2315
194
4002
6688
597
1612
5517
5124
3448
1573
1974
5968
405
504
4251
4227
3516
3242
297
6963
4305
2917
2284
5757
3986
5827
5118
6442
341
5956
4549
6874
4411
6812
4304
4372
791
5126
2269
1672
2614
6915
120
2957
6632
17
5228
5397
5092
2700
1856
5592
2378
3338
3751
2280
2580
6387
3753
1131
4376
5921
3431
2591
5864
3545
6723
6067
1462
3499
1209
6984
5818
3163
6683
4300
6559
3250
1702
3630
1479
2362
3297
1320
119
3286
4515
3708
5469
318
5952
5131
5991
2486
754
6184
2597
2979
2022
692
1530
1174
5614
6002
6715
4089
3577
21
5285
1305
6521
3202
6361
3302
2165
6599
5239
4102
2707
6568
2862
512
2986
3453
4417
6485
3754
4670
115
4067
3994
5125
1695
354
2422
3884
6235
3172
1185
737
6661
832
1470
5167
3406
4425
6814
1908
6530
1334
3645
3503
3271
823
610
283
3388
2292
1072
2878
4153
6403
4922
2841
6773
205
4044
1067
5062
3580
5311
3265
3319
1653
637
807
4066
3346
127
1587
2395
4226
6253
5259
131
3456
3210
3997
2426
6555
5732
6671
1114
4214
3325
6598
3719
1042
5767
2879
2185
1566
2554
5151
563
1843
3762
3492
3686
2798
4715
5098
6913
5863
6009
6100
1706
5190
5912
4548
6542
1735
5139
1754
5713
6210
5730
6448
511
1389
5913
555
6418
2282
2997
1043
3573
2389
3693
4513
2047
6510
4056
90
4755
5631
6117
4853
4835
570
1590
325
2683
218
1969
5211
4771
2024
2791
2351
1972
2394
1430
2537
3337
6862
6534
334
1416
4865
1224
5540
3953
1989
6320
5019
2402
4855
2576
2265
4026
5015
6670
733
3767
1869
3331
6634
2900
2668
4365
3756
3611
1332
3526
213
4712
5130
2733
4589
2757
5178
1880
6041
1372
3376
2885
5065
3
3676
190
6174
4879
5439
4623
2056
5954
1099
4187
2348
3935
4991
203
1375
5205
4825
4626
1550
1449
458
6022
6626
5416
2756
1369
680
2460
6639
6420
3701
215
3848
2648
1798
2159
1762
3118
6775
460
2176
4973
1666
6820
6369
239
363
4803
388
361
749
4350
2631
661
5060
206
2954
6734
5004
625
1846
1435
3442
5021
4009
393
2391
3293
5653
4638
494
4460
4616
6797
4717
3558
2889
2259
54
5501
2033
6655
4392
339
1091
5470
917
4291
3050
3184
3572
5204
3534
6691
2386
6539
2105
6667
302
2630
4667
3006
1335
4857
2678
2250
856
3813
420
3132
2740
4114
2204
1362
1007
4723
3591
4308
2123
1422
5599
6928
4198
6698
951
2289
5116
2479
646
5717
4294
3804
541
2890
4925
1036
6616
803
548
6139
277
5207
5436
4080
2433
1984
2555
4737
886
617
3564
3596
1893
3480
5735
3032
4856
6615
4469
5383
650
4201
3029
5819
3055
6070
3068
2897
3033
4055
2958
3846
6033
6736
2031
1870
5212
5179
938
3212
5977
4243
6711
3548
1272
4931
4777
6025
1913
1213
6872
128
659
2359
2907
4953
1396
1861
5432
2574
981
1124
208
586
5927
5497
4331
4908
4073
2376
5374
3099
2475
2163
5263
714
3268
2595
1764
4463
6893
4597
3870
79
572
257
4711
6728
3037
2556
1191
180
5400
3981
2137
3181
1656
4108
3505
6880
6053
5290
2096
6291
2666
6574
734
4246
4085
1820
3511
6107
5874
176
2925
1935
480
5786
4167
4154
3941
1487
2685
5888
6783
328
5998
3648
1484
4967
3237
5597
394
4699
4071
2620
1038
169
704
4743
3463
5932
3102
758
185
2445
2049
4
2589
3477
5413
1517
2444
2718
1991
4494
4459
3642
4382
4141
2382
3148
2559
2237
6844
2343
5791
6602
6763
254
720
2285
1254
645
2262
3258
1225
6054
972
2448
2350
3509
4466
3982
6548
5945
5127
2286
691
4213
84
5753
3974
2175
6363
6842
2562
4799
6276
3721
4127
2080
708
1531
2198
4415
1892
5625
1329
2084
6028
3820
926
3392
797
6982
2894
759
1410
751
6905
1960
6796
4567
301
3303
1045
2003
3213
5528
2309
1836
5132
4121
6076
6191
6084
891
4230
2824
198
1264
6394
22
2331
1053
1230
4579
1001
4196
6511
2168
5085
703
4394
230
6374
2375
847
6719
4595
1688
6764
2119
4083
5319
2429
3166
1698
837
1010
415
2043
1759
6803
1564
5248
139
6439
813
4658
503
6292
3769
2142
6423
684
5669
1730
6415
6603
2211
622
4834
1965
4663
6848
6569
1290
4402
5605
3333
4354
5129
3149
38
4345
2822
6201
4492
3219
6228
4808
299
4664
6080
4866
5860
86
588
2773
1741
761
5412
763
2430
1814
4065
816
5938
1253
1596
3201
1812
429
932
5027
6192
6027
5159
930
6288
3895
6003
5196
1120
6684
513
1037
2704
5300
6252
3518
2949
2473
3604
3063
216
435
6613
1655
3044
262
61
1138
439
6209
4200
3326
2983
5600
574
2679
331
6399
5675
2409
1427
5206
5405
5076
5403
3875
1119
6146
5063
5680
806
2236
2624
5830
616
1408
4605
4688
4506
1373
6429
5841
1433
3737
1933
5102
3508
835
3732
3561
3151
3369
5581
4338
4766
2481
2114
3391
1746
2164
3559
3868
4609
6504
3660
3417
3318
5006
6640
6854
1486
3892
970
1592
378
2241
4483
1145
4674
660
6512
3004
1724
2144
6620
3639
6098
6689
4054
396
4191
3493
2440
5396
765
149
1926
6888
5595
3114
443
6322
240
4708
6622
5199
136
6614
977
2062
2552
5861
6432
6088
4806
4195
584
4570
5053
4577
